   1.1844951e+00
  -1.9769331e-01
  -1.7540440e-01
   2.4063202e+00
  -4.3408840e-03
   1.1543543e+00
   9.6047605e-01
   3.7713908e-01
   1.5682426e+00
   8.0926905e-01
  -2.1853134e-01
   3.7360805e-01
   1.6431660e+00
  -5.6101592e-02
   3.4919829e-01
   5.5803228e-01
   1.7711959e+00
   1.9969117e+00
   1.0500163e+00
   2.7396758e+00
   1.7681691e+00
  -4.2254204e-01
   1.5462169e+00
   1.7002932e+00
   7.3815577e-01
   4.3987698e-01
   8.6941829e-01
  -1.9811132e-01
   1.1125227e+00
   5.1038702e-01
   2.3307836e+00
   1.3140678e+00
   1.1399717e+00
   5.3365066e-01
   1.4054451e+00
   2.1115322e+00
   7.8802473e-01
   1.6469080e+00
   1.4273503e+00
   1.6824150e+00
   1.6722691e+00
   1.8634709e-01
   7.0823228e-01
  -7.4671366e-01
   5.8422820e-01
   1.6698091e+00
   2.4106815e+00
  -2.2783650e-01
   3.5380861e-01
   1.3784255e+00
   6.8517903e-01
   6.2144368e-01
   1.3694057e+00
   1.5473051e+00
   6.8430487e-01
   1.4031038e+00
   3.0369984e-01
   2.3499477e+00
   1.3842624e+00
  -4.6959905e-01
   1.3942915e+00
   2.2697979e+00
   1.1781188e+00
  -1.7008471e-01
   1.5615459e-01
   3.1189531e+00
   8.1286782e-01
   1.0390128e+00
   1.0719445e+00
   1.6761409e+00
   2.9273620e+00
   2.8589557e-01
   6.1489817e-01
   1.4497319e+00
  -3.0053553e-01
  -8.7265493e-01
   1.4691607e+00
   1.1852570e-02
   2.1410737e+00
   1.0749344e+00
   8.3495121e-02
   1.4024132e+00
   6.6826877e-01
   1.4487351e-01
   1.2652733e+00
   2.4698860e+00
   4.7141173e-01
  -1.3948343e+00
   2.8110688e-01
   2.8848256e-01
   9.8290444e-01
   5.1001061e-01
   1.0550742e+00
   2.1134648e+00
  -3.2404262e-02
   6.0737333e-01
   4.6434020e-01
   7.5945246e-01
  -8.3719421e-01
